F0
00
F2
90
F0
0B
F2
C0
F0
01
F2
F1
F0
02
F2
F3		
F9
64
F0
03
F2
90
F0
0C
F2
C0		
F9
64
F0
04
F2
90
F0
0D
F2
C0		
F9
64
F0
05
F2
90
F0
0E
F2
C0	
F9
64
F0
06
F2
90
F0
0F
F2
C0		
F9
64
F0
07
F2
90
F0
10
F2
C0		
F9
64
F7
00
00
00
00
00
00
00
00
00
00
00
00
00
00
00
00
00
00
00
00
00
00
00
00
00
00
00
00
00
00
00
F2
F2
F0
08
F7
FD
F1				
09
04
F1
0A
96
FC
B6
FD
00
00
00
00
00
00
00
00
00
00
00
00
00
00
00
00
00
00
00
00
00
00
00
00
00
00
00
00
00
00
00
00
00
00
00
00
00
00
00
00
00
00
00
00
00
00
00
00
00
00
00
00
00
00
00
00
00
00
00
00
00
00
00
00
00
00
00
00
00
00
00
00
00
00
00
00
00
00
00
00
00
00
00
00
00
00
00
00
00
00
00
00
00
00
00
00
00
00
00
00
00
00
00
00
00
00
00
00
00
00
00
00
00
00
00
00
00
00
00
00
00
00
00
00
00
00
00
00
00
00
00
00
00
00
00
00
00
FA
F8
6A
FC